11 11
-65.67610 70.61355 -23.94250 58.16935 -32.81657 68.63351 71.83329 18.20474 -83.46424 -32.79334 4.31923
-2.79685 -87.85572 -93.08922 -46.52080 77.97097 -42.46189 -16.12654 66.90057 -67.09554 -18.51294 16.98536
-25.99101 61.61798 37.60164 67.29007 32.75898 24.95058 -81.22260 -75.53705 -60.67264 -49.29481 -8.79478
-47.65564 -58.65004 11.36990 40.79649 36.32883 -9.55973 -95.19019 8.27742 -22.29839 50.39707 -25.75440
-4.81354 -53.72586 11.86514 42.03037 83.35290 93.55037 -45.33296 20.68169 -89.48580 97.39843 -64.77370
50.18834 85.39784 -77.02466 11.06621 77.33510 17.63538 -38.99552 6.73758 -66.32845 38.30207 -73.15476
-91.70748 -64.50945 96.30370 35.49488 49.96536 -0.34502 46.92189 -31.43929 58.93523 85.42307 -89.73955
34.65595 -69.42426 -66.78515 -91.06387 42.84222 -42.76742 40.13101 88.80518 -16.54250 64.86505 -70.62545
-35.24329 99.77152 69.29355 -43.91107 96.05421 -62.97417 7.48375 60.14801 92.01590 71.70253 -2.15956
-0.27057 -74.25098 69.70103 66.18488 -4.87398 75.39493 59.34904 -64.45866 86.79453 -84.61585 -25.89365
-36.26931 91.31711 -37.38892 9.47172 -77.13236 -89.50556 61.18689 46.10733 34.54142 -22.73350 56.46686