9 9
33.53371 20.79958 -28.90148 58.68940 48.77183 91.41651 47.03333 33.55473 71.98694
-83.21982 -70.57821 -14.73268 -67.66805 -81.18763 -67.37419 -32.12129 47.94634 -38.07025
-40.59912 -64.91834 -48.58957 -36.69199 -21.05574 78.25530 81.73624 98.15698 -42.88772
-98.94149 -61.10454 98.84721 36.69108 -33.72338 43.71710 65.84059 -79.89238 -73.30467
33.41189 -86.04032 9.63311 -31.17278 89.33357 -39.47254 -78.39498 -64.15664 14.96234
46.42505 82.58599 15.89359 96.60040 31.12952 -92.33562 33.09120 36.28158 -71.83940
-71.88783 -71.79142 82.42524 -73.79833 -89.38208 0.48445 -33.94059 -21.61826 95.47955
99.74596 -31.46991 88.80902 -84.75671 39.50946 -48.17380 -62.70115 -66.47341 45.79733
49.10286 49.07210 -27.87691 -13.84501 66.43688 -65.05548 44.02850 26.05893 70.65411
