13 13
-47.30343 84.31397 53.27471 -8.74449 29.23020 86.52107 4.78941 77.67393 47.28166 -68.58898 -65.99163 -94.67324 51.14360
78.13347 25.61476 -56.73362 -0.20299 94.69445 1.55270 83.02264 98.34317 -63.70502 -52.04003 -54.74904 -24.78995 -74.19585
32.96599 -36.91109 48.21510 -92.36341 -62.81247 -46.93090 76.02736 70.75318 -70.16201 29.56038 82.63024 -14.60823 72.35422
-82.86639 -38.77763 45.57675 48.19991 40.42784 49.98708 59.08423 -86.64167 34.41670 -45.77777 15.20333 50.76558 6.59280
24.29496 92.48213 13.17568 34.85679 18.79041 84.72069 -0.44704 -42.24484 95.50959 -99.72039 -48.95059 57.45474 88.45205
3.08875 -17.25264 49.39845 -46.49358 -96.29013 -42.54122 39.08743 2.57478 83.68848 54.74041 -89.94017 9.85404 -61.67268
28.70432 93.14658 -62.39731 90.55883 12.30351 -45.74423 56.14405 13.00629 79.04045 -93.66348 -96.55675 29.75043 25.41355
-22.23607 29.29899 92.97733 21.75528 98.25064 -1.52681 -7.71124 -47.76750 37.52663 -57.82741 96.99529 83.33721 10.56849
60.43175 20.26003 55.01938 19.53292 13.36279 -67.71789 -41.83680 -80.54926 -64.50657 -17.97781 10.33962 -17.47938 -45.06852
36.38486 5.45568 65.50574 -40.86183 4.80855 -17.28911 45.08175 -10.70029 -96.47156 51.31278 -44.88052 77.72542 -48.32073
-87.61452 62.82035 78.48084 -69.03255 28.53278 -53.26596 -75.85945 63.23365 -65.78642 35.81086 -99.15645 14.20367 -77.68017
99.55232 -60.53664 -45.23256 -23.20105 93.37594 -85.94592 84.21893 -40.85268 -68.35390 -47.37431 25.15777 -72.48756 17.87257
63.83648 31.27475 -90.55685 -57.92163 -7.06092 -23.33504 -20.57717 -33.20363 -57.21147 74.01062 29.63800 -90.71135 53.31171